0 1 100 50 50 150 50
1 2 90 150 50 250 50
1 8 135 150 50 250 150
2 3 100 250 50 350 50
3 4 100 350 50 450 50
4 5 90 450 50 550 50 
0 6 100 50 50 50 150
0 7 141 50 50 150 150
1 8 135 150 150 250 150
3 10 141 350 50 450 150
5 10 135 550 50 450 150
8 9 100 250 150 350 150
10 11 90 450 150 550 150
6 12 100 50 150 50 250
7 13 100 150 150 150 250
7 14 135 150 150 250 250
9 14 141 350 150 250 250
9 16 141 350 150 450 250
10 16 100 450 150 450 250
11 17 100 550 150 550 250
13 14 90 150 250 250 250
12 18 80 50 250 50 350
13 20 120 150 250 250 350
14 20 80 250 250 250 350
15 21 80 350 250 350 350
15 22 128 350 250 450 350
15 23 206 350 250 550 350
17 23 80 550 250 550 350
18 19 100 50 350 150 350
19 20 90 150 350 250 350
18 24 90 50 350 50 450
21 26 135 350 350 250 450
21 27 90 350 350 350 450
22 29 127 450 350 550 450
24 25 110 50 450 150 450
25 26 80 150 450 250 450
26 27 100 250 450 350 450
27 28 100 350 450 450 450